Alpha	Linewidth-dB[T]	Resonance-field[T]	Amplitude[Arb.Units]	Slope	Offset	Angle[Degree]
0.02031462726680086	0.03207555045433439	0.08712459882282754	7.372178046396995	-4.9999999999561755	3.356808370569727	0.0
0.02025579043798096	0.032157493661420726	0.08751263916385767	7.221937793338488	-4.999978561698882	3.358465097683169	0.5
0.02050143341562986	0.03226033360482986	0.08785195899955463	7.0558590521036555	-4.999999997193193	3.357201357510661	1.0
0.02050143341562986	0.03226033360482986	0.08785195899955463	7.0558590521036555	-4.999999997193193	3.357201357510661	1.5
0.020611801349235216	0.03234675287929191	0.08846634008294803	6.791601555805657	-4.999999996449468	3.36237898897266	2.0
0.020611801349235216	0.03234675287929191	0.08846634008294803	6.791601555805657	-4.999999996449468	3.36237898897266	2.5
0.02050116818800935	0.032473819105277836	0.08902037477127307	6.578452395702386	-4.999999998328464	3.3736108153819124	3.0
0.02050116818800935	0.032473819105277836	0.08902037477127307	6.578452395702386	-4.999999998328464	3.3736108153819124	3.5
0.02050116818800935	0.032473819105277836	0.08902037477127307	6.578452395702386	-4.999999998328464	3.3736108153819124	4.0
0.02050116818800935	0.032473819105277836	0.08902037477127307	6.578452395702386	-4.999999998328464	3.3736108153819124	4.5
0.02050116818800935	0.032473819105277836	0.08902037477127307	6.578452395702386	-4.999999998328464	3.3736108153819124	5.0
0.020312824187765283	0.03265046854242994	0.08969544277756389	6.28461530739611	-4.999999998355202	3.37170267515595	5.5
0.020312824187765283	0.03265046854242994	0.08969544277756389	6.28461530739611	-4.999999998355202	3.37170267515595	6.0
0.020312824187765283	0.03265046854242994	0.08969544277756389	6.28461530739611	-4.999999998355202	3.37170267515595	6.5
0.020312824187765283	0.03265046854242994	0.08969544277756389	6.28461530739611	-4.999999998355202	3.37170267515595	7.0
0.020312824187765283	0.03265046854242994	0.08969544277756389	6.28461530739611	-4.999999998355202	3.37170267515595	7.5
0.020312824187765283	0.03265046854242994	0.08969544277756389	6.28461530739611	-4.999999998355202	3.37170267515595	8.0
0.020312824187765283	0.03265046854242994	0.08969544277756389	6.28461530739611	-4.999999998355202	3.37170267515595	8.5
0.020312824187765283	0.03265046854242994	0.08969544277756389	6.28461530739611	-4.999999998355202	3.37170267515595	9.0
0.020312824187765283	0.03265046854242994	0.08969544277756389	6.28461530739611	-4.999999998355202	3.37170267515595	9.5
0.020312824187765283	0.03265046854242994	0.08969544277756389	6.28461530739611	-4.999999998355202	3.37170267515595	10.0
0.020312824187765283	0.03265046854242994	0.08969544277756389	6.28461530739611	-4.999999998355202	3.37170267515595	10.5
0.017974880054955112	0.03255366523908637	0.08869288911669744	6.591777374229039	-4.999999990273069	3.488751155597777	11.0
0.017974880054955112	0.03255366523908637	0.08869288911669744	6.591777374229039	-4.999999990273069	3.488751155597777	11.5
0.017226195334363686	0.03237235805179784	0.08812816352745238	6.7929466457696694	-4.999999999178467	3.5147085975419667	12.0
0.017226195334363686	0.03237235805179784	0.08812816352745238	6.7929466457696694	-4.999999999178467	3.5147085975419667	13.0
0.017226195334363686	0.03237235805179784	0.08812816352745238	6.7929466457696694	-4.999999999178467	3.5147085975419667	14.0
0.014907089729155144	0.031779221159326076	0.0856474579311023	7.628010368594843	-4.999999893178629	3.526213896686084	15.0
0.014907089729155144	0.031779221159326076	0.0856474579311023	7.628010368594843	-4.999999893178629	3.526213896686084	15.5
0.014133920323424698	0.03139601117292538	0.08461185810577539	7.937599675361175	-4.999999988027861	3.5492381870104897	16.0
0.014133920323424698	0.03139601117292538	0.08461185810577539	7.937599675361175	-4.999999988027861	3.5492381870104897	16.5
0.013320985759769033	0.03110041982601629	0.08354989601159277	8.272819864007744	-4.999999987464533	3.555143192802314	17.0
0.012862577800394648	0.030920192512297166	0.08297245771136194	8.457124885993945	-4.999999987089766	3.578025878275417	17.5
0.012862577800394648	0.030920192512297166	0.08297245771136194	8.457124885993945	-4.999999987089766	3.578025878275417	18.0
0.012862577800394648	0.030920192512297166	0.08297245771136194	8.457124885993945	-4.999999987089766	3.578025878275417	18.5
0.011807318497949205	0.03050303194450791	0.08108578797052386	9.027346300510866	-4.999999999905061	3.614267369058112	19.0
0.011709758420524735	0.030360120399226236	0.0803981747358994	9.195927350403718	-4.99999999823147	3.6078085856775424	19.5
0.011709758420524735	0.030360120399226236	0.0803981747358994	9.195927350403718	-4.99999999823147	3.6078085856775424	20.0
0.011100820551250584	0.030289133847561368	0.0790764748443565	9.55208099411539	-4.999999975265716	3.662496356957451	20.5
0.010865043120248231	0.030178725920143725	0.07767699579350386	9.789516592180721	-4.999999998328345	3.6571388335628026	21.5
0.010677504646767769	0.03006967896824388	0.07695066088792077	10.111492857058762	-4.999999994751189	3.673346669993169	22.0
0.010677504646767769	0.03006967896824388	0.07695066088792077	10.111492857058762	-4.999999994751189	3.673346669993169	22.5
0.010619964481085457	0.02973504173357274	0.07554075905329342	10.4137687637035	-4.999999806045523	3.645240687784959	23.0
0.010619964481085457	0.02973504173357274	0.07554075905329342	10.4137687637035	-4.999999806045523	3.645240687784959	23.5
0.010544198089744786	0.029599101554183556	0.07409971508600396	10.69963559215728	-4.999999999614349	3.6293582778870643	24.0
0.010544198089744786	0.029599101554183556	0.07409971508600396	10.69963559215728	-4.999999999614349	3.6293582778870643	24.5
0.01039234181283946	0.02954577301559999	0.07270142730197472	10.96706982251912	-4.99999877103982	3.6193722098250394	25.0
0.010433669988897845	0.029510327920319077	0.07199892315607204	11.083160082330632	-4.999999999481678	3.6132140915919546	25.5
0.010433669988897845	0.029510327920319077	0.07199892315607204	11.083160082330632	-4.999999999481678	3.6132140915919546	26.0
0.010383070419523797	0.029529675556712355	0.07061129745620916	11.329077055397853	-4.99999998976852	3.5987755648916337	26.5
0.010288129314697806	0.02949800243411433	0.06997589321805957	11.437795174218545	-4.999999974429076	3.5964299080647812	27.0
0.010390908874885627	0.029723476007486427	0.06859257401126358	11.47643717176679	-4.999999982354677	3.608713179137487	28.0
0.010279425193974352	0.02971344230489561	0.0679143698082465	11.825780782954473	-4.999999654041991	3.604121810081807	28.5
0.010575402778509341	0.02975791670187337	0.0667219532973178	12.00188201174568	-4.999999997075489	3.6107123584878345	29.5
0.010575402778509341	0.02975791670187337	0.0667219532973178	12.00188201174568	-4.999999997075489	3.6107123584878345	30.0
0.010145798655816203	0.029631113486487407	0.06554112557690159	12.118044129632727	-4.999999747614945	3.585573868891373	30.5
0.010161902223790861	0.02959917354803013	0.06496731825971433	12.207165490780596	-4.999999998737036	3.57901877901587	31.0
0.010161902223790861	0.02959917354803013	0.06496731825971433	12.207165490780596	-4.999999998737036	3.57901877901587	31.5
0.010056179785121614	0.02978182606024078	0.06375886632956697	12.36178339904121	-4.999999867194803	3.5852885999729427	32.0
0.009975739985207772	0.029688062945568864	0.06328578607867541	12.429108223451653	-4.999999997794703	3.5794501078775127	32.5
0.009908696258700661	0.029704081900563513	0.06277808970211048	12.508371547416592	-4.999999999388996	3.5847598315725406	33.0
0.010046115509335998	0.029709166234413747	0.06227318171571789	12.563747259014448	-4.999998052650633	3.567811136311434	33.5
0.00986564583099823	0.029703018729201832	0.06183319029896572	12.64015637736343	-4.999999950033766	3.575685584294572	34.0
0.00986564583099823	0.029703018729201832	0.06183319029896572	12.64015637736343	-4.999999950033766	3.575685584294572	34.5
0.009806857919220436	0.029753837548387133	0.06086999404639881	12.767252885047498	-4.999999751199697	3.5642718157645685	35.0
0.009806857919220436	0.029753837548387133	0.06086999404639881	12.767252885047498	-4.999999751199697	3.5642718157645685	35.5
0.0096081815881396	0.029875670131325173	0.05990281270666517	12.88058465202642	-4.999999893894463	3.5906925667801364	36.0
0.0096081815881396	0.029875670131325173	0.05990281270666517	12.88058465202642	-4.999999893894463	3.5906925667801364	36.5
0.0096081815881396	0.029875670131325173	0.05990281270666517	12.88058465202642	-4.999999893894463	3.5906925667801364	37.0
0.009465671629071979	0.029867812718317073	0.05874207455709204	13.044868300284511	-4.9999999892040385	3.575724876289378	37.5
0.009473159912199564	0.029851756450480806	0.058340941178131996	13.084368962611482	-4.999999996998512	3.5671279791116266	38.0
0.009473159912199564	0.029851756450480806	0.058340941178131996	13.084368962611482	-4.999999996998512	3.5671279791116266	38.5
0.009473159912199564	0.029851756450480806	0.058340941178131996	13.084368962611482	-4.999999996998512	3.5671279791116266	39.0
0.009301832783429054	0.030166952105072437	0.05708484751160803	13.217853527095802	-4.999999999834258	3.570330078315928	39.5
0.009301832783429054	0.030166952105072437	0.05708484751160803	13.217853527095802	-4.999999999834258	3.570330078315928	40.0
0.009301832783429054	0.030166952105072437	0.05708484751160803	13.217853527095802	-4.999999999834258	3.570330078315928	40.5
0.009234625043911501	0.030011008227503855	0.05632329983707598	13.32180816697503	-4.999999955844648	3.560941170783856	41.0
0.0092346250439115	0.030011008227503855	0.05632329983707598	13.32180816697503	-4.999999955844648	3.560941170783856	41.5
0.009181286433941732	0.030034805085515724	0.0557508459746765	13.402325471893121	-4.99999999985096	3.551305793222058	42.0
0.009181286433941732	0.030034805085515724	0.0557508459746765	13.402325471893121	-4.99999999985096	3.551305793222058	42.5
0.009181286433941732	0.030034805085515724	0.0557508459746765	13.402325471893121	-4.99999999985096	3.551305793222058	43.0
0.009124175925246825	0.030240221768424582	0.054826290064506074	13.523530764346466	-4.9999999804802195	3.5540490047201363	43.5
0.009124175925246825	0.030240221768424582	0.054826290064506074	13.523530764346466	-4.9999999804802195	3.5540490047201363	44.0
0.009259524234745709	0.030111666999945892	0.05449851620402544	13.59545851594419	-4.999999999933844	3.5228281350660584	44.5
0.009259524234745709	0.030111666999945892	0.05449851620402544	13.59545851594419	-4.999999999933844	3.5228281350660584	45.0
0.009143172181119675	0.030291436912809243	0.05401753481065652	13.659367858533512	-4.999907860049472	3.552637270830301	45.5
0.009138716751492767	0.030323581003679042	0.05380756947554197	13.690523501890187	-4.999999692444684	3.538828930169217	46.0
0.009138716751492765	0.030323581003679042	0.05380756947554197	13.690523501890187	-4.999999692444684	3.538828930169217	46.5
0.009138716751492765	0.030323581003679042	0.05380756947554197	13.690523501890187	-4.999999692444684	3.538828930169217	47.0
0.009131981637911643	0.030157835455116428	0.05352245069977874	13.803951853603188	-4.999999999329534	3.5255271949519535	47.5
0.009131981637911641	0.030157835455116428	0.05352245069977874	13.803951853603188	-4.999999999329534	3.5255271949519535	48.0
0.009131981637911641	0.030157835455116428	0.05352245069977874	13.803951853603188	-4.999999999329534	3.5255271949519535	48.5
0.009131981637911641	0.030157835455116428	0.05352245069977874	13.803951853603188	-4.999999999329534	3.5255271949519535	49.0
0.009131981637911641	0.030157835455116428	0.05352245069977874	13.803951853603188	-4.999999999329534	3.5255271949519535	49.5
0.00942823237396198	0.030167004861532353	0.05298426902621689	13.965767583512624	-4.9999999988347295	3.47639697549441	50.0
0.00942823237396198	0.030167004861532353	0.05298426902621689	13.965767583512624	-4.9999999988347295	3.47639697549441	50.5
0.00942823237396198	0.030167004861532353	0.05298426902621689	13.965767583512624	-4.9999999988347295	3.47639697549441	51.0
0.009591848320609773	0.030158225737899894	0.052836733355888565	14.039839433268195	-4.999999999798814	3.4439455979846993	51.5
0.009547104467632081	0.030160059309351117	0.05280845561164577	14.083024641483897	-4.999999999559564	3.4460157596402805	52.0
0.009547104467632081	0.030160059309351117	0.05280845561164577	14.083024641483897	-4.999999999559564	3.4460157596402805	52.5
0.009573125780980971	0.030167395898629764	0.05281375564452442	14.126718727604768	-4.999999979307794	3.437459985305784	53.0
0.009573125780980971	0.030167395898629764	0.05281375564452442	14.126718727604768	-4.999999979307794	3.437459985305784	53.5
0.009665796035625784	0.030196493342407423	0.05284777054421173	14.177069581925787	-4.999999726332144	3.434502132304008	54.0
0.009665796035625784	0.030196493342407423	0.05284777054421173	14.177069581925787	-4.999999726332144	3.434502132304008	54.5
0.009665796035625784	0.030196493342407423	0.05284777054421173	14.177069581925787	-4.999999726332144	3.434502132304008	55.0
0.009665796035625784	0.030196493342407423	0.05284777054421173	14.177069581925787	-4.999999726332144	3.434502132304008	55.5
0.009665796035625784	0.030196493342407423	0.05284777054421173	14.177069581925787	-4.999999726332144	3.434502132304008	56.0
0.009920547071974557	0.030124379580501657	0.053204336378758744	14.299904382726195	-4.999999995813555	3.3754118501652464	56.5
0.009920547071974557	0.030124379580501657	0.053204336378758744	14.299904382726195	-4.999999995813555	3.3754118501652464	57.0
0.010067585939921084	0.03006037398357325	0.05341015941850071	14.337679440526577	-4.999999685226551	3.361428857378696	57.5
0.010067585939921084	0.03006037398357325	0.05341015941850071	14.337679440526577	-4.999999685226551	3.361428857378696	58.0
0.010182712775736109	0.03004538837011506	0.05368631924794787	14.383967027482814	-4.999999999573321	3.3382129890642425	58.5
0.010182712775736109	0.03004538837011506	0.05368631924794787	14.383967027482814	-4.999999999573321	3.3382129890642425	59.0
0.01021185864878923	0.030017445811025095	0.05400286587417708	14.422199149398129	-4.999999627405912	3.3219899091458203	59.5
0.010311364477139241	0.029993345812626034	0.05421415567904377	14.446270408244892	-4.999999353583281	3.3149864728079663	60.0
0.010311364477139241	0.029993345812626034	0.05421415567904377	14.446270408244892	-4.999999353583281	3.3149864728079663	60.5
0.010398498910899244	0.02995506575341011	0.05463052111133073	14.483849482391268	-4.999999799539742	3.2889983267987084	61.0
0.010397348507615131	0.03003590899217529	0.05476323463744106	14.485876936561802	-4.999999976699484	3.291812448197174	61.5
0.010397348507615131	0.03003590899217529	0.05476323463744106	14.48587693656179	-4.999999976699484	3.291812448197174	62.0
0.010680240244986018	0.029909516561014843	0.055347972540576815	14.511598929848732	-4.999999941752964	3.2644126434880842	62.5
0.010731522220374021	0.02991035588684395	0.05561912559725559	14.52265558500327	-4.999999884975207	3.2537240607954327	63.0
0.010812913604442692	0.029869256922015912	0.05588994882609206	14.562772019936725	-4.999999955381179	3.2402780933841537	63.5
0.010812913604442692	0.029869256922015912	0.05588994882609206	14.562772019936725	-4.999999955381179	3.2402780933841537	64.0
0.010817772439054572	0.029870553960147095	0.05648434467191088	14.581223546262292	-4.999999996650495	3.2357863473045487	64.5
0.010817772439054572	0.029870553960147095	0.05648434467191088	14.581223546262292	-4.999999996650495	3.2357863473045487	65.0
0.010987953799632503	0.02980722364463855	0.057153941936290614	14.563664329108656	-4.999999993898502	3.2101045755549045	65.5
0.010987953799632503	0.02980722364463855	0.057153941936290614	14.563664329108656	-4.999999993898502	3.2101045755549045	66.0
0.01114354568564474	0.02990503674399872	0.057740740402047436	14.604189126206016	-4.9999999860612165	3.1987273811742796	66.5
0.011305068545418899	0.02995100882879062	0.058082283296964826	14.583822720956121	-4.999999999821903	3.1883889964404695	67.0
0.0113050685454189	0.02995100882879062	0.058082283296964826	14.583822720956121	-4.999999999821903	3.1883889964404695	67.5
0.011338125064117941	0.02976219972939651	0.059024521245459115	14.55570259018888	-4.999975604711936	3.1721579128074264	68.0
0.01147963355016722	0.02988714216195929	0.05933592968525547	14.55699125002562	-4.999999772185796	3.1641475475810275	68.5
0.011451448694061773	0.029785646819782314	0.059870859107227156	14.537301507037292	-4.9999999990401225	3.1622232526602847	69.0
0.011451448694061773	0.029785646819782314	0.059870859107227156	14.537301507037292	-4.9999999990401225	3.1622232526602847	69.5
0.011545509754754591	0.029798150518503125	0.06073701507885898	14.520670362285003	-4.999988028795459	3.1495008097045414	70.0
0.011611041228395201	0.0297626477376528	0.06121265284246988	14.500844390804371	-4.999999991168185	3.1409816005781614	70.5
0.011739665713577844	0.029760489842700282	0.06168643709274177	14.455847796591195	-4.99999940921597	3.118782963464035	71.0
0.011765432823749767	0.029733012750414126	0.062210234977188646	14.416504410373026	-4.999999993586318	3.1154235574611686	71.5
0.01189499134740693	0.029881927090516607	0.06261844369738091	14.451195048552552	-4.99999999989509	3.107985259642099	72.0
0.0119605722049034	0.029778996109660602	0.06323627803580678	14.362292815208704	-4.999996267793253	3.1123144512343632	72.5
0.011937039321403876	0.029787391936015983	0.06379725241033518	14.295804295264205	-4.999999322211597	3.1027966751676352	73.0
0.012029627838170935	0.029740533199164813	0.064364538573233	14.230736541039448	-4.999999999876855	3.087813047710979	73.5
0.012058640236000112	0.029748951713722036	0.06494520201686578	14.169964690454753	-4.999999985860354	3.078446964986508	74.0
0.012067325371459853	0.029761991381521708	0.06556033258041824	14.122078397192595	-4.999999873346718	3.0726208292849915	74.5
0.012097128697589605	0.029811784119682203	0.0661307291243053	14.04335156083412	-4.9999999941313	3.0773982602402956	75.0
0.01215602423288987	0.029816551795961863	0.06672484676122588	13.96054613540486	-4.99999965749112	3.0678534055491866	75.5
0.012149759539694372	0.029832872088078544	0.06734769528387823	13.883442511854012	-4.999999996331006	3.0554624907365096	76.0
0.012149759539694372	0.029832872088078544	0.06734769528387823	13.883442511854012	-4.999999996331006	3.0554624907365096	76.5
0.01229300309000219	0.030137987044154754	0.06920298048857351	13.662181519707712	-4.999999997303812	3.060511659605236	77.5
0.012280931731001324	0.029983514036938108	0.0699321413186792	13.52543879134427	-4.99999999986446	3.0343545824180893	78.0
0.012320171084633198	0.030020628790223308	0.07061995360116137	13.378930939937453	-4.999999851766635	3.0371496309742305	78.5
0.012319499369355575	0.030169306436306224	0.07130356653570936	13.250412813354004	-4.999999933796257	3.039936610286741	79.0
0.012479681843820482	0.030132113733666057	0.07202634114824522	13.098773805880676	-4.999999981387525	3.021480800077791	79.5
0.01236002206985877	0.030300784394972104	0.07270190529018228	12.966993131757267	-4.999999976562643	3.0290336786201486	80.0
0.01249854593002382	0.030512473555180712	0.07340288370693461	12.800702734756554	-4.999999759511671	3.0253106580859175	80.5
0.012544363006037135	0.03065742686077969	0.07410402561843436	12.650164671824536	-4.9999999999592255	3.0317801580370176	81.0
0.013158828665970419	0.03067921555443459	0.07487973319391412	12.428634606939925	-4.999949512381355	3.037095838109682	81.5
0.01276823987468232	0.03085805851667656	0.07551307416951415	12.263935052966813	-4.999999991422578	3.0068253738837605	82.0
0.013454940556787386	0.030980682499917745	0.07626372895894835	12.10894962139227	-4.999999999336151	3.0124628818244386	82.5
0.013454940556787386	0.030980682499917745	0.07626372895894835	12.10894962139227	-4.999999999336151	3.0124628818244386	83.0
0.014254509789324896	0.03174491224949752	0.07894208211319102	11.217862493070172	-4.999999998366818	2.9215977393671517	84.5
0.014662778787892163	0.03201026851229876	0.07958471847973096	10.982481791938918	-4.999999407978585	2.8905294716007237	85.0
0.01582170416012264	0.03220241392062272	0.08028210067128547	10.652061364445892	-4.99999999999858	2.8589756197577234	85.5
0.015785579777933694	0.032402526281959824	0.08080916479993118	10.394806812801866	-4.999995116430555	2.8020554342138757	86.0
0.016660564149815853	0.03276633250585331	0.0813722245865901	10.108077960149194	-4.999999994054612	2.7601820393651266	86.5
0.01753895912604391	0.03301609624024691	0.08186107370629099	9.831507894259314	-4.999999994581211	2.709458030065421	87.0
0.018746794622317847	0.033353108008282104	0.082395705623139	9.572374003655993	-4.9999999816083065	2.689073174410054	87.5
0.018746794622317847	0.033353108008282104	0.082395705623139	9.572374003655993	-4.9999999816083065	2.689073174410054	88.0
0.0203588149267991	0.033783038730409866	0.08316467341811419	9.05576698489677	-4.999999924653894	2.592488055113593	88.5
0.02118461945676872	0.03383258783477991	0.08351716998793303	8.82014430636878	-4.999999996567007	2.5571731009324186	89.0
0.021947132559380304	0.03403595353778316	0.08389349720816427	8.578105535243424	-4.999999959465022	2.5411279393923074	89.5
0.02251754723810496	0.03418782263872713	0.08428077772172367	8.372597460341582	-4.999999999836397	2.557906448936464	90.0
0.02251754723810496	0.03418782263872713	0.08428077772172367	8.372597460341582	-4.999999999836397	2.557906448936464	90.5
0.023298129935648837	0.034293175355782135	0.08494351925619349	7.972138528452979	-4.999999977724139	2.564112587566126	91.0
0.02346077489355248	0.03434684809599165	0.08525012532168803	7.818062307390309	-4.999999980017379	2.571587209649204	91.5
0.023799593193965216	0.03441066822634381	0.08557009478327	7.661177531887077	-4.999999999404986	2.605031046759488	92.0
0.023799593193965216	0.03441066822634381	0.08557009478327	7.661177531887077	-4.999999999404986	2.605031046759488	92.5
0.02412204797958698	0.03449943200322298	0.08606854438874191	7.392314063535196	-4.999999999760123	2.5906953098600844	93.0
0.02412204797958698	0.03449943200322298	0.08606854438874191	7.392314063535196	-4.999999999760123	2.5906953098600844	93.5
0.024703685044120634	0.03453793795640443	0.08643074753274657	7.1950985198554696	-4.999999876576903	2.579936378312466	94.0
0.024682685184036213	0.03453853533007683	0.08663188850601768	7.125362640516422	-4.999999969529421	2.6017566641570564	94.5
0.024682685184036213	0.03453853533007683	0.08663188850601768	7.125362640516422	-4.999999969529421	2.6017566641570564	95.0
0.0250695269212402	0.03475015718872616	0.0869481416597356	6.990668630060955	-4.9999999997433795	2.6033134977373154	95.5
0.0250695269212402	0.03475015718872616	0.0869481416597356	6.990668630060955	-4.9999999997433795	2.6033134977373154	96.0
0.0250695269212402	0.03475015718872616	0.0869481416597356	6.990668630060955	-4.9999999997433795	2.6033134977373154	96.5
0.029447321388382276	0.0341874465556097	0.08706659051615681	3.9410771680640404	-4.999998115677718	2.938791222426059	97.5
0.025370691891735	0.0347361509201341	0.08718437486972208	6.9200972500844244	-4.999999999327846	2.6088860872939703	98.0
0.025370691891735	0.0347361509201341	0.08718437486972208	6.9200972500844244	-4.999999999327846	2.6088860872939703	98.5
0.02565178286599833	0.03462180875864165	0.08712747348646141	6.924137835665246	-4.999999999894856	2.625933766494927	99.0
0.025415830567265252	0.03456534935482432	0.08707919589467435	6.966659042390731	-4.9999999968889055	2.6395291878480664	99.5
0.025415830567265252	0.03456534935482432	0.08707919589467435	6.966659042390731	-4.9999999968889055	2.6395291878480664	100.0
0.025415830567265252	0.03456534935482432	0.08707919589467435	6.966659042390731	-4.9999999968889055	2.6395291878480664	100.5
0.02539524603643554	0.034259210260891994	0.08669206891119853	7.148894817648643	-4.999999819118771	2.6454766728760983	101.0
0.02539524603643554	0.034259210260891994	0.08669206891119853	7.148894817648643	-4.999999819118771	2.6454766728760983	101.5
0.02539524603643554	0.034259210260891994	0.08669206891119853	7.148894817648643	-4.999999819118771	2.6454766728760983	102.0
0.025159140163736757	0.0338387569047777	0.08604650964786266	7.429702347799241	-4.99999999988849	2.628387111096168	102.5
0.025159140163736757	0.0338387569047777	0.08604650964786266	7.429702347799241	-4.99999999988849	2.628387111096168	103.0
0.025159140163736757	0.0338387569047777	0.08604650964786266	7.429702347799241	-4.99999999988849	2.628387111096168	103.5
0.02507714230834518	0.03348326823525144	0.08519805469841732	7.8393930374756815	-4.9999998747385055	2.578486468802815	104.0
0.02507714230834518	0.03348326823525144	0.08519805469841732	7.8393930374756815	-4.9999998747385055	2.578486468802815	104.5
0.024692714531218567	0.0332850343428802	0.08454975952117257	8.182760658573116	-4.999999871223401	2.5448304500689565	105.0
0.024692714531218567	0.0332850343428802	0.08454975952117257	8.182760658573116	-4.999999871223401	2.5448304500689565	105.5
0.02378361640413151	0.032969767855165165	0.08383114212479756	8.58269555926022	-4.999999923066328	2.545158229407715	106.0
0.02378361640413151	0.032969767855165165	0.08383114212479756	8.58269555926022	-4.999999923066328	2.545158229407715	106.5
0.02230555998724819	0.032401133045737	0.08301882627053236	9.024909028844752	-4.999999989566917	2.5729755932780582	107.0
0.021502256073933367	0.03214178064716737	0.08259133935844744	9.253228112443995	-4.999999982816099	2.6065432619560696	107.5
0.021502256073933367	0.03214178064716737	0.08259133935844744	9.253228112443995	-4.999999982816099	2.6065432619560696	108.0
0.020042479916833316	0.03146231669192948	0.0815878904175363	9.735068824583594	-4.999999999716167	2.6570864345392486	108.5
0.020042479916833316	0.03146231669192948	0.0815878904175363	9.735068824583594	-4.999999999716167	2.6570864345392486	109.0
0.020042479916833316	0.03146231669192948	0.0815878904175363	9.735068824583594	-4.999999999716167	2.6570864345392486	109.5
0.018098446504669	0.03063308997990528	0.07982665289487008	10.43435260211355	-4.999999996976755	2.737303437518113	110.0
0.018098446504669	0.03063308997990528	0.07982665289487008	10.43435260211355	-4.999999996976755	2.737303437518113	110.5
0.017377183267362883	0.030125839208293367	0.07855117551072896	10.824523513214526	-4.999999995656483	2.774710260164481	111.0
0.017377183267362883	0.030125839208293367	0.07855117551072896	10.824523513214526	-4.999999995656483	2.774710260164481	111.5
0.01686111693466641	0.029747284086170497	0.07722087135090405	11.212094826692232	-4.999999975159636	2.798983429817877	112.0
0.016576745623692612	0.029474781636095435	0.07658408480630603	11.379883453254854	-4.999999999746361	2.7966842799550795	112.5
0.016296039531710407	0.02925817853695755	0.0759189763176584	11.550735608366208	-4.999999997346507	2.80567097917492	113.0
0.01615222575240077	0.02911059305693244	0.07523389607287635	11.661274352988205	-4.9999996754218525	2.8129715572853806	113.5
0.01617145637651756	0.02915606423781746	0.07450297735769991	11.794583905128878	-4.999999959516114	2.8352877768573936	114.0
0.01595812932008441	0.02886245184647618	0.07387366493184973	11.910542271053075	-4.999999991880186	2.825728998289775	114.5
0.015873177316435807	0.028755035668550307	0.0731873146390765	12.016246286344206	-4.999999998720867	2.833670719057279	115.0
0.015834566325903906	0.028755602741123577	0.07250467279202519	12.13676228607364	-4.999999993807957	2.851905065163516	115.5
0.015834566325903906	0.028755602741123577	0.07250467279202519	12.13676228607364	-4.999999993807957	2.851905065163516	116.0
0.01564503423969732	0.028518598853891356	0.07117442676741499	12.302927794091412	-4.999999995171276	2.844557388774904	116.5
0.0156896318442953	0.028482451030933737	0.07056019554281409	12.372611149867396	-4.999998771788093	2.8554169670225704	117.0
0.01563016190280561	0.02836680635078539	0.06995669950694969	12.435071582604074	-4.999999996922632	2.841912145929985	117.5
0.015532446395122038	0.028320411991134848	0.0693542966639394	12.491365488375534	-4.99999983780062	2.854767061000805	118.0
0.015450106969486675	0.02828181656544402	0.06875035091741401	12.541781933453192	-4.999999999371384	2.8554997393865005	118.5
0.015450106969486675	0.02828181656544402	0.06875035091741401	12.541781933453192	-4.999999999371384	2.8554997393865005	119.0
0.015459831305092759	0.02838961007718669	0.06749767701677652	12.618375238097588	-4.999999554700778	2.872217904460282	119.5
0.015292859617231326	0.02823370431498606	0.0669757594404627	12.64212280943358	-4.999999899967645	2.8639561367679667	120.0
0.015446946695784025	0.028269358208483523	0.06638961964705008	12.660863777947469	-4.999999999938738	2.8707728447868464	120.5
0.015374822877728043	0.028393306632866537	0.06577189941027728	12.686937403438838	-4.999999205408975	2.8819298102447437	121.0
0.015374822877728043	0.028393306632866537	0.06577189941027735	12.686937403438838	-4.999999205408975	2.8819298102447437	121.5
0.015124871491038694	0.028235673040160017	0.06479703493251884	12.690045898732206	-4.999999920492985	2.8837023770053865	122.0
0.015150765385776227	0.028279314708935653	0.06425416639303629	12.705513593529158	-4.999999930327866	2.8870369435839978	122.5
0.015089565227163038	0.02825741743509664	0.0638098168092418	12.721992903222114	-4.99999988898368	2.8914302247660197	123.0
0.015089565227163038	0.02825741743509664	0.0638098168092418	12.721992903222114	-4.99999988898368	2.8914302247660197	123.5
0.015089565227163038	0.02825741743509664	0.0638098168092418	12.721992903222114	-4.99999988898368	2.8914302247660197	124.0
0.014883251624724585	0.028330875547266106	0.06242726837596002	12.67174996443345	-4.999999999962699	2.919343250545454	124.5
0.014883251624724585	0.028330875547266106	0.06242726837596002	12.67174996443345	-4.999999999962699	2.919343250545454	125.0
0.01477570274777093	0.028403274268982214	0.061567890060494165	12.710616521432819	-4.999999946518519	2.945094679289781	125.5
0.014724626148179912	0.028502237418626522	0.06113345466495337	12.58338542086683	-4.999999995427279	2.966824061562966	126.0
0.014582706897876089	0.028634753368033602	0.06064380729791432	12.554736620240487	-4.999998677319978	2.981684558751935	126.5
0.014569253095891672	0.02851060254282717	0.06035121408303912	12.550871973496067	-4.9999997704047905	2.9740815662861397	127.0
0.014569253095891672	0.02851060254282717	0.06035121408303912	12.550871973496067	-4.9999997704047905	2.9740815662861397	127.5
0.014473202494748365	0.028576927456287683	0.059608133215793876	12.487122229226943	-4.999999999051141	2.9882010245217616	128.0
0.014473202494748365	0.028576927456287683	0.059608133215793876	12.487122229226943	-4.999999999051141	2.9882010245217616	128.5
0.014473202494748365	0.028576927456287683	0.059608133215793876	12.487122229226943	-4.999999999051141	2.9882010245217616	129.0
0.014070026960706222	0.02862361208566722	0.05869059479312874	12.370701989372474	-4.999999999980301	3.0136420802807216	129.5
0.014070026960706222	0.02862361208566722	0.05869059479312874	12.370701989372474	-4.999999999980301	3.0136420802807216	130.0
0.013984368554369464	0.02878476895754425	0.05801795188394092	12.326418503802419	-4.999999357025669	3.047201540133571	130.5
0.013892703707105903	0.02880644630343339	0.05777658422928855	12.298896453369071	-4.999999999885956	3.0688354603601002	131.0
0.01387624510606016	0.028743867905992787	0.057574179315900274	12.29055596816791	-4.999999987941671	3.0572703584347067	131.5
0.01387624510606016	0.028743867905992787	0.057574179315900274	12.29055596816791	-4.999999987941671	3.0572703584347067	132.0
0.013683995606317379	0.02901392834156175	0.05694115707222802	12.167004062058206	-4.999999662968395	3.090917741983155	132.5
0.013670048200733316	0.028884460765131223	0.056805600831379754	12.123181773449163	-4.9999999809752556	3.0895053353992026	133.0
0.013670048200733316	0.028884460765131223	0.056805600831379754	12.123181773449163	-4.9999999809752556	3.0895053353992026	133.5
0.013619200849970448	0.029038166513214277	0.056328564474833386	12.057160947580266	-4.999999991857828	3.101193290026318	134.0
0.013619200849970448	0.029038166513214277	0.05632856447483345	12.057160947580266	-4.999999991857828	3.101193290026318	134.5
0.013676842591761634	0.029040315665035676	0.055998172606430495	11.972990820906476	-4.99999999995383	3.1267286511761103	135.0
0.013676842591761634	0.029040315665035676	0.055998172606430495	11.972990820906476	-4.99999999995383	3.1267286511761103	135.5
0.013421800256948625	0.02924927272141372	0.05559155940519717	11.894104009353605	-4.99999992463633	3.1379069444984182	136.0
0.013317890094503924	0.02916417039452216	0.055564130052784044	11.857555214596328	-4.99999999921118	3.140641429139478	136.5
0.013317890094503924	0.02916417039452216	0.055564130052784044	11.857555214596328	-4.99999999921118	3.140641429139478	137.0
0.013317890094503924	0.02916417039452216	0.055564130052784044	11.857555214596328	-4.99999999921118	3.140641429139478	137.5
0.013247240854679189	0.029292945436808344	0.05518417938154343	11.713347593138764	-4.999999999995083	3.15376446154683	138.0
0.013247240854679189	0.029292945436808344	0.05518417938154343	11.713347593138764	-4.999999999995083	3.15376446154683	138.5
0.013247240854679189	0.029292945436808344	0.05518417938154343	11.713347593138764	-4.999999999995083	3.15376446154683	139.0
0.013017300365155068	0.029324201468824612	0.05505657895214113	11.574596763095997	-4.999999987174335	3.1894203407621244	139.5
0.013017300365155068	0.029324201468824612	0.05505657895214113	11.574596763095997	-4.999999987174335	3.1894203407621244	140.0
0.012973943171985093	0.029278208117290764	0.0550276287240552	11.500313639477582	-4.999999961361543	3.1817718063197127	140.5
0.012973943171985093	0.029278208117290764	0.0550276287240552	11.500313639477582	-4.999999961361543	3.1817718063197127	141.0
0.012904541800739688	0.029349178391431634	0.05499739345594301	11.415982264911126	-4.999999898454464	3.200892576514585	141.5
0.012904541800739688	0.029349178391431634	0.05499739345594301	11.415982264911126	-4.999999898454464	3.200892576514585	142.0
0.012904541800739688	0.029349178391431634	0.05499739345594301	11.415982264911126	-4.999999898454464	3.200892576514585	142.5
0.01301579087574229	0.029454986025657964	0.05491889276408319	11.281902533636613	-4.999999168595487	3.1983804610018165	143.0
0.01301579087574229	0.029454986025657964	0.05491889276408319	11.281902533636613	-4.999999168595487	3.1983804610018165	143.5
0.012967358765506688	0.029408976636011424	0.05506521409079732	11.212533338534374	-4.999999920567148	3.1986650272235835	144.0
0.013009439999831153	0.029435161226085537	0.0551188584275361	11.168980733081622	-4.999999938970392	3.2049349803215144	144.5
0.013034975390288207	0.029374480931595344	0.055199210770637115	11.133995186833252	-4.999999354710559	3.1984456159974393	145.0
0.013034975390288207	0.029374480931595344	0.055199210770637115	11.133995186833252	-4.999999354710559	3.1984456159974393	145.5
0.01304853254705976	0.029572586683309095	0.0552378873547553	11.061154302743978	-4.999999688693056	3.221422727703885	146.0
0.012976622840212688	0.029422758380163262	0.055473571639095366	11.02328692118353	-4.999999283831694	3.217354676285943	146.5
0.01305585029771777	0.029455908424887357	0.055523466146369604	10.986741779339376	-4.999999961947542	3.217343934100777	147.0
0.01305585029771777	0.029455908424887357	0.055523466146369604	10.98674177933939	-4.999999961947542	3.217343934100777	147.5
0.013144925658776292	0.029352120454219404	0.05584348839162634	10.925778368459348	-4.9999999988897175	3.2124855024682706	148.0
0.013144925658776292	0.029352120454219404	0.05584348839162634	10.925778368459348	-4.9999999988897175	3.2124855024682706	148.5
0.013144925658776292	0.029352120454219404	0.05584348839162634	10.925778368459348	-4.9999999988897175	3.2124855024682706	149.0
0.01322063872215017	0.029300770335480023	0.0563708486168242	10.846940199970165	-4.999999999459045	3.2109846791056516	149.5
0.013308202498515172	0.029244862543243468	0.05657533382751223	10.809142898562161	-4.999999998883365	3.2042423424659994	150.0
0.013308202498515172	0.029244862543243468	0.05657533382751223	10.809142898562161	-4.999999998883365	3.2042423424659994	150.5
0.013343312637472111	0.029182773381279524	0.05699367198093483	10.757991576967951	-4.99999999772954	3.2032100416554474	151.0
0.013343382233790514	0.02918275810845801	0.05699370247974191	10.75798855032912	-4.995184141395995	3.203212097046894	151.5
0.013455976428730088	0.02917655817887368	0.05746351134473224	10.687897192977688	-4.999999997572112	3.199115072337708	152.0
0.013455976428730088	0.02917655817887368	0.05746351134473224	10.687897192977688	-4.999999997572112	3.199115072337708	152.5
0.013576320808868881	0.029082748616359882	0.05798258144246353	10.62044807866697	-4.999999995062402	3.1889806832989667	153.0
0.013561775107646085	0.029061801897448097	0.058241863930447765	10.596273766620286	-4.99999999800052	3.1946750216200623	153.5
0.013579032055045522	0.028971290823676308	0.058552224224815735	10.577627787184687	-4.999999996855617	3.184390577817254	154.0
0.01372179956140962	0.02899997893412857	0.05882047722730479	10.544745900350973	-4.999999998438964	3.182164304283111	154.5
0.013713980535518512	0.02888423338624225	0.05919151545121726	10.51885969482	-4.9999999971790405	3.186613570500585	155.0
0.013762758426580741	0.028782316138569308	0.05946802194413294	10.457620065299206	-4.999990039382814	3.292212972571484	155.5
0.013881748489126391	0.028815180083478074	0.059882948782304664	10.447069372200755	-4.999999979875987	3.174380119863768	156.0
0.013948053319554605	0.028805952460898003	0.0601853478111243	10.438206131149526	-4.999999998616808	3.167216777720265	156.5
0.013916241568326644	0.02884404225797633	0.060580579040986945	10.403137283366195	-4.9999998239068075	3.1729483734845196	157.0
0.014039290517656565	0.028713951294525333	0.061004808148264145	10.355467301462413	-4.999999946057404	3.166429601993636	157.5
0.01412935857050492	0.028671856985147605	0.061381024093088765	10.331618758979308	-4.999999999498728	3.1616556201728923	158.0
0.014240559781358509	0.02860881217429082	0.06183498865055463	10.280769136436147	-4.99999513382731	3.1519817743883607	158.5
0.014279724097578439	0.02859282951927831	0.062239904557957804	10.26187639703764	-4.999999999828065	3.15349724104113	159.0
0.014279724097578439	0.02859282951927831	0.062239904557957804	10.26187639703764	-4.999999999828065	3.15349724104113	159.5
0.014392470475474399	0.02852569076453975	0.0631038285878354	10.192887387320859	-4.999999998794183	3.1534920533944444	160.0
0.014646990098300144	0.028472082977630077	0.06356065326596158	10.141451230585554	-4.999999996881684	3.1337435358918135	160.5
0.014608714993274506	0.028429207758955556	0.06407996558621777	10.109081963069357	-4.999999999394502	3.144980516464555	161.0
0.014608714993274506	0.028429207758955556	0.06407996558621777	10.109081963069357	-4.999999999394502	3.144980516464555	161.5
0.01498555445811527	0.028438614855083366	0.06502227714234732	10.03357050657711	-4.999999971903845	3.130440343957547	162.0
0.014984556163017432	0.028324795839668907	0.065611012328573	9.998785067229946	-4.999999999887561	3.127520062989351	162.5
0.015026824041233395	0.02828037205246637	0.06613304550094001	9.960064642693293	-4.999983207820654	3.127605732645433	163.0
0.015284926962129547	0.02827670397959057	0.06666893706326102	9.904148569628813	-4.999999999542541	3.1166796918836646	163.5
0.015441328877919082	0.028271966115190835	0.06720246469322384	9.839544526949169	-4.999989672268331	3.1110891734200568	164.0
0.015499473336296416	0.028323926493772134	0.06773937311433402	9.783868463229497	-4.999999999595685	3.112096706632718	164.5
0.01564838769398715	0.0283406960832186	0.06830695937043967	9.720004001083755	-4.999989281977381	3.119910141024981	165.0
0.01578090252957224	0.02826318722897209	0.06891110034818944	9.656115934953617	-4.999999972383895	3.1137917586923454	165.5
0.015893566974074496	0.02827425372023428	0.06949517078832852	9.591046646484632	-4.999999978066621	3.105169753219032	166.0
0.016090750169149418	0.02813466774027445	0.07016724718908297	9.509495939322429	-4.999999999770114	3.088200773710126	166.5
0.016217186711049273	0.028095772915444725	0.07077105290926756	9.4437434404256	-4.999999990928455	3.07947520170495	167.0
0.016504052731535795	0.02819182770260913	0.07139351164879322	9.348588503529028	-4.999999994443013	3.086267251449202	167.5
0.01660488981440746	0.028211641315441207	0.07203155777104654	9.267871585399787	-4.999999312836762	3.0632918991504194	168.0
0.016832356303556475	0.02815383097769269	0.07269725551951005	9.164604857624745	-4.999999997403758	3.0511368496802174	168.5
0.016832356303556475	0.02815383097769269	0.07269725551951012	9.164604857624745	-4.999999997403758	3.0511368496802174	169.0
0.01722327650567951	0.028260569796914436	0.07404251908998691	8.976158685262824	-4.999999926974482	3.0581772875103965	169.5
0.017596926480524057	0.028375293871294317	0.07471624617257253	8.858421262280121	-4.99999995913485	3.0528309419642223	170.0
0.01768941318088711	0.028310470487786326	0.07542759300455505	8.747734031475686	-4.999999998435293	3.0417675675181712	170.5
0.017947499144922264	0.028523871932204105	0.07605498654591933	8.617764109402254	-4.9999999978082394	3.039927684966214	171.0
0.01815552128935934	0.02843633419094189	0.07675822493890623	8.499128957463402	-4.999999975865267	3.0330569871870914	171.5
0.018416492071730427	0.028535325442998936	0.07745860174005423	8.394691903042146	-4.99999997046945	3.0314702995565472	172.0
0.018590470450561083	0.028573960845788254	0.07815186146384519	8.276247816572754	-4.999999946937443	3.0271657418162405	172.5
0.01914298191669057	0.028761095858036063	0.07884722209245344	8.10906978617485	-4.99999999009128	3.0426095262341164	173.0
0.019218285967169596	0.028931447289670165	0.07952054355609436	7.954566136780501	-4.999999980592909	3.025810539041556	173.5
0.01952860669239736	0.0289979096772386	0.08022706149335294	7.810122968709289	-4.9999999992679935	3.0156676362395913	174.0
0.019879059263668043	0.02920786378124061	0.08090111455528894	7.644779335302882	-4.999999999997726	3.016168298970509	174.5
0.02029396882326357	0.029317778946892168	0.08157601785247934	7.471226127465028	-4.999999981628566	2.990571486104182	175.0
0.021021249233649727	0.029492385379132725	0.08217423997930585	7.304019431572272	-4.999999996384604	2.9704214652290517	175.5
0.02141750027833339	0.029647818443129862	0.08278889163605145	7.157707972945332	-4.999999999055012	2.963740961018436	176.0
0.021887371031588	0.029951137053710827	0.08344424301757676	6.993563422735118	-4.999999956754774	2.968902315853583	176.5
0.022468779547221502	0.03015091838088339	0.08400729124668582	6.825505359044222	-4.999999999960847	2.9541752884774697	177.0
0.022468779547221502	0.03015091838088339	0.08400729124668582	6.825505359044222	-4.999999999960847	2.9541752884774697	177.5
0.023517371505633284	0.030547225057538416	0.08506918088884678	6.521402941958892	-4.99999999845177	2.9507830129702715	178.0
0.02421894743713435	0.03068272387489444	0.08552542878925264	6.367182075659578	-4.999999999823372	2.92873900802973	178.5
0.02435546012652251	0.03100206843459418	0.08607243122015258	6.205093982575688	-4.999999985234406	2.9606359408207563	179.0
0.024748636946887503	0.031110663102388532	0.08648331041199146	6.060995764363563	-4.999999963587777	2.9514818847694446	179.5
0.025239012024386016	0.031210790759831	0.08687232218232925	5.928982180462171	-4.999999997243668	2.9431701264834818	180.0
0.02566293923388671	0.03128860516076835	0.08721973332243428	5.7929201625415905	-4.9999999993181925	2.940898215306503	180.5
0.025819959047902154	0.031426225990207064	0.08758758602983885	5.662424573823868	-4.999999995345903	2.9577986185475345	181.0
0.026054742825455453	0.03155917482014311	0.08787927741507622	5.552876055715532	-4.999999999999238	2.9555133138877956	181.5
0.026054742825455453	0.03155917482014311	0.08787927741507622	5.552876055715532	-4.999999999999238	2.9555133138877956	182.0
0.026054742825455453	0.03155917482014311	0.08787927741507622	5.552876055715532	-4.999999999999238	2.9555133138877956	182.5
0.02600595982859998	0.031688895206316604	0.0886702123718005	5.29004938960679	-4.999988174813442	2.967702732123927	183.0
0.026192647314168704	0.031741074832342515	0.08882707507925933	5.218992426619487	-4.999999892746952	2.9738891800827068	183.5
0.026192647314168704	0.031741074832342515	0.08882707507925933	5.218992426619487	-4.999999892746952	2.9738891800827068	184.0
0.026192647314168704	0.031741074832342515	0.08882707507925933	5.218992426619487	-4.999999892746952	2.9738891800827068	184.5
0.025444049331445718	0.03191538343173833	0.08926087584385486	5.090714836511897	-4.999999997460901	2.9695866655936793	185.0
0.025444049331445718	0.03191538343173833	0.08926087584385486	5.090714836511897	-4.999999997460901	2.9695866655936793	185.5
0.025444049331445718	0.03191538343173833	0.08926087584385486	5.090714836511897	-4.999999997460901	2.9695866655936793	186.0
0.025444049331445718	0.03191538343173833	0.08926087584385486	5.090714836511897	-4.999999997460901	2.9695866655936793	186.5
0.025444049331445718	0.03191538343173833	0.08926087584385486	5.090714836511897	-4.999999997460901	2.9695866655936793	187.0
0.024272030421912682	0.03181495565166572	0.08932694843954476	5.016949983588282	-4.999999999691726	2.9572598347476458	187.5
0.024272030421912682	0.03181495565166572	0.08932694843954476	5.016949983588282	-4.999999999691726	2.9572598347476458	188.0
0.024272030421912682	0.03181495565166572	0.08932694843954476	5.016949983588282	-4.999999999691726	2.9572598347476458	188.5
0.024272030421912682	0.03181495565166572	0.08932694843954476	5.016949983588282	-4.999999999691726	2.9572598347476458	189.0
0.024272030421912682	0.03181495565166572	0.08932694843954476	5.016949983588282	-4.999999999691726	2.9572598347476458	189.5
0.024272030421912682	0.03181495565166572	0.08932694843954476	5.016949983588282	-4.999999999691726	2.9572598347476458	190.0
0.022029446230723528	0.03146447228265571	0.08835899145957589	5.21361808286446	-4.999999999982342	2.9508687468517003	190.5
0.022029446230723528	0.03146447228265571	0.08835899145957589	5.21361808286446	-4.999999999982342	2.9508687468517003	191.0
0.021374707279512184	0.03132684701775594	0.0878276285499583	5.321249611518527	-4.999999957523897	2.95242931932174	191.5
0.020653665995088777	0.03125363508727629	0.08753818196853844	5.408267624889764	-4.999999943545442	2.9587560976610643	192.0
0.020352364183813195	0.03128534835454077	0.08731003848109122	5.446597866957989	-4.999999438210082	2.967762233620866	192.5
0.019599814872560274	0.031029890286179487	0.08684343877825271	5.585762231160778	-4.999999999639956	2.961864515394205	193.0
0.019599814872560274	0.031029890286179487	0.08684343877825271	5.585762231160778	-4.999999999639956	2.961864515394205	193.5
0.019599814872560274	0.031029890286179487	0.08684343877825271	5.585762231160778	-4.999999999639956	2.961864515394205	194.0
0.019599814872560274	0.031029890286179487	0.08684343877825271	5.585762231160778	-4.999999999639956	2.961864515394205	194.5
0.019599814872560274	0.031029890286179487	0.08684343877825271	5.585762231160778	-4.999999999639956	2.961864515394205	195.0
0.017025286556810727	0.030462143824728366	0.08471104119535906	6.146189659573827	-4.999999994548899	2.9903528389827274	195.5
0.01640645319532116	0.030359076023502067	0.08428190186647075	6.291064050727827	-4.999999999500087	3.0194471040317232	196.0
0.01640645319532116	0.030359076023502067	0.08428190186647075	6.291064050727827	-4.999999999500087	3.0194471040317232	196.5
0.015018834418847988	0.03015687577728022	0.08321819107060262	6.641300356402383	-4.999999995190068	3.0557234338728083	197.0
0.0146499858545351	0.029921994894290958	0.0826439690258077	6.815232637847146	-4.9999999998936016	3.069164401402544	197.5
0.013848011846837593	0.029899545513939946	0.08210008208545871	7.033956504860988	-4.999999905343305	3.0990133325053435	198.0
0.013498523219025017	0.029687586454611486	0.08146111121057824	7.20771508864603	-4.999999983262746	3.108623843001464	198.5
0.012935087821926662	0.029505318910393378	0.08087688580503438	7.3958459989292855	-4.999999973434358	3.131129945742048	199.0
0.012935087821926662	0.029505318910393378	0.08087688580503438	7.3958459989292855	-4.999999973434358	3.131129945742048	199.5
0.012174756631912233	0.029332172415643464	0.07956255190356455	7.7325189428204855	-4.999999996690281	3.1666567371125858	200.0
0.012174756631912233	0.029332172415643464	0.07956255190356455	7.7325189428204855	-4.999999996690281	3.1666567371125858	200.5
0.011857178588839144	0.02926606102341442	0.0782748944591654	8.029268654451435	-4.999999999814228	3.243680378260404	201.0
0.011857178588839144	0.02926606102341442	0.0782748944591654	8.029268654451435	-4.999999999814228	3.243680378260404	201.5
0.011010046526064889	0.029184662519750257	0.07690812001520435	8.38464067735256	-4.999999011391286	3.259750216560402	202.0
0.010792200752083564	0.02905809413982996	0.07618051928196563	8.609128599471441	-4.999999998254158	3.26916231035686	202.5
0.010469920433512695	0.028930105149191476	0.07557553303302562	8.789996720685995	-4.999999732162711	3.284355347416181	203.0
0.010469920433512695	0.028930105149191476	0.07557553303302562	8.789996720685995	-4.999999732162711	3.284355347416181	203.5
0.01048531599812331	0.028863656437759195	0.07415019877773996	9.1309894150657	-4.9999999903530705	3.298649869125178	204.0
0.010362245942618196	0.029076149994846548	0.07339207884124672	9.303084676320038	-4.999999949951672	3.323136970577046	204.5
0.010362245942618196	0.029076149994846548	0.07339207884124672	9.303084676320038	-4.999999949951672	3.323136970577046	205.0
0.010362245942618196	0.029076149994846548	0.07339207884124672	9.303084676320038	-4.999999949951672	3.323136970577046	205.5
0.01015537864978646	0.028989209537437846	0.07130102902766848	9.80118193202925	-4.999999995989835	3.338299960389392	206.0
0.010155378649786462	0.028989209537437846	0.07130102902766848	9.80118193202925	-4.999999995989835	3.338299960389392	206.5
0.009851156408792243	0.02903006324879044	0.06997648813608127	10.08204857219387	-4.999999971291316	3.3662355216695126	207.0
0.009851156408792245	0.02903006324879044	0.06997648813608127	10.08204857219387	-4.999999971291316	3.3662355216695126	207.5
0.009826185975053867	0.028968398509337134	0.06874487207499054	10.292868461273523	-4.999999999337273	3.3643339388827744	208.0
0.009818574957981961	0.02894413818998264	0.06810720045755789	10.380917019047182	-4.999999994538054	3.3582402642172244	208.5
0.009818574957981963	0.02894413818998264	0.06810720045755789	10.380917019047182	-4.999999994538054	3.3582402642172244	209.0
0.009818574957981963	0.02894413818998264	0.06810720045755789	10.380917019047182	-4.999999994538054	3.3582402642172244	209.5
0.00959548441857554	0.029066131411225993	0.0663027180471509	10.668577479529741	-4.999999995948025	3.3832339600624763	210.0
0.00969826452988936	0.029052343652071478	0.06570609486229155	10.759134507195949	-4.999999999917135	3.374839877522735	210.5
0.009556388103460132	0.029168542341545	0.06507538488130082	10.855957779590826	-4.999885930669762	3.398506984908664	211.0
0.009514872901091133	0.029303309552831804	0.06447197744010676	11.00022076698052	-4.999999995468269	3.40650992173917	211.5
0.009514872901091133	0.029303309552831804	0.06447197744010676	11.00022076698052	-4.999999995468269	3.40650992173917	212.0
0.009616663389256526	0.02939444769092669	0.06328938014887539	11.327700209903886	-4.999999993992608	3.4257470688211757	212.5
0.009616663389256526	0.02939444769092669	0.06328938014887546	11.327700209903886	-4.999999993992608	3.4257470688211757	213.0
0.00951789162352648	0.029448982092661634	0.062309149920679395	11.651784031461219	-4.999999955825934	3.452436824273123	213.5
0.00951789162352648	0.029448982092661634	0.062309149920679395	11.651784031461219	-4.999999955825934	3.452436824273123	214.0
0.009419471024529875	0.029639872202957405	0.06126103489353911	11.834777886342303	-4.9999999999521645	3.4659764450834736	214.5
0.009419471024529875	0.029639872202957405	0.06126103489353911	11.834777886342303	-4.9999999999521645	3.4659764450834736	215.0
0.009879359561543897	0.029736473715920215	0.06038029616830329	12.029215178790993	-4.999999996680634	3.5119704663195463	215.5
0.009572644185770758	0.029710680548090933	0.059919970229412665	12.103000524034766	-4.99999981749766	3.489052196042259	216.0
0.009190983746269438	0.029746900659722502	0.059456336993252056	12.18491713101832	-4.9999999982778895	3.4904315559363965	216.5
0.009190983746269438	0.029746900659722502	0.059456336993252056	12.18491713101832	-4.9999999982778895	3.4904315559363965	217.0
0.009139489359425724	0.029684661624929963	0.05876863535747061	12.29111485333132	-4.99999992315196	3.4967676138009463	217.5
0.009139489359425724	0.029684661624929963	0.05876863535747061	12.29111485333132	-4.99999992315196	3.4967676138009463	218.0
0.009139489359425724	0.029684661624929963	0.05876863535747061	12.29111485333132	-4.99999992315196	3.4967676138009463	218.5
0.00891628206373716	0.030026092909521906	0.05744576527327824	12.508961373190045	-4.999999999934234	3.5090623403684056	219.0
0.00891628206373716	0.030026092909521906	0.05744576527327824	12.508961373190045	-4.999999999934234	3.5090623403684056	219.5
0.008779961917015498	0.030089203113838774	0.05644500585334955	12.76099962304576	-4.999999999986312	3.5216358692052783	220.5
0.008779961917015498	0.030089203113838774	0.05644500585334955	12.76099962304576	-4.999999999986312	3.5216358692052783	221.0
0.009084723400445716	0.030130435534576422	0.05590939357755178	12.78059445284456	-4.999999611697633	3.5313742220990925	221.5
0.009084723400445716	0.030130435534576422	0.05590939357755178	12.78059445284456	-4.999999611697633	3.5313742220990925	222.0
0.008952580124126322	0.029977095640696012	0.055472091804393386	12.883944457245326	-4.99999999999246	3.511765566052734	222.5
0.008952580124126322	0.029977095640696012	0.055472091804393386	12.883944457245326	-4.99999999999246	3.511765566052734	223.0
0.008952580124126322	0.029977095640696012	0.055472091804393386	12.883944457245326	-4.99999999999246	3.511765566052734	223.5
0.008891729951037111	0.03018181363845192	0.054576979677009675	13.038553333822005	-4.999993874325279	3.5212118010211064	224.0
0.008891729951037111	0.03018181363845192	0.054576979677009675	13.038553333822005	-4.999993874325279	3.5212118010211064	224.5
0.00890831781153753	0.030075515779908725	0.05433117055355576	13.118851924062339	-4.999999993558819	3.509106962281617	225.0
0.00890831781153753	0.030075515779908725	0.05433117055355576	13.118851924062339	-4.999999993558819	3.509106962281617	225.5
0.00890831781153753	0.030075515779908725	0.05433117055355576	13.118851924062339	-4.999999993558819	3.509106962281617	226.0
0.00890831781153753	0.030075515779908725	0.05433117055355576	13.118851924062339	-4.999999993558819	3.509106962281617	226.5
0.009015340646069054	0.030059983085293403	0.05367837048881097	13.251023325838045	-4.9999999998027365	3.482883486213037	227.0
0.009015340646069054	0.030059983085293403	0.05367837048881097	13.251023325838045	-4.9999999998027365	3.482883486213037	227.5
0.009015340646069054	0.030059983085293403	0.05367837048881097	13.251023325838045	-4.9999999998027365	3.482883486213037	228.0
0.009015340646069054	0.030059983085293403	0.05367837048881097	13.251023325838045	-4.9999999998027365	3.482883486213037	228.5
0.009061774711045703	0.030092335546790694	0.05320660989876673	13.378829966242634	-4.999999319986061	3.4604298987635786	229.0
0.009061774711045703	0.030092335546790694	0.05320660989876673	13.378829966242634	-4.999999319986061	3.4604298987635786	229.5
0.009061774711045703	0.030092335546790694	0.05320660989876673	13.378829966242634	-4.999999319986061	3.4604298987635786	230.0
0.009239895774521332	0.030159032166356313	0.052855752751246876	13.502392803667762	-4.99999994404563	3.4290030302877046	230.5
0.009239895774521332	0.030159032166356313	0.052855752751246876	13.502392803667762	-4.99999994404563	3.4290030302877046	231.0
0.009239895774521332	0.030159032166356313	0.052855752751246876	13.502392803667762	-4.99999994404563	3.4290030302877046	231.5
0.009239895774521332	0.030159032166356313	0.052855752751246876	13.502392803667762	-4.99999994404563	3.4290030302877046	232.0
0.009239895774521332	0.030159032166356313	0.052855752751246876	13.502392803667762	-4.99999994404563	3.4290030302877046	232.5
0.009239895774521332	0.030159032166356313	0.052855752751246876	13.502392803667762	-4.99999994404563	3.4290030302877046	233.0
0.009239895774521332	0.030159032166356313	0.052855752751246876	13.502392803667762	-4.99999994404563	3.4290030302877046	233.5
0.009408250344479006	0.030197683907792122	0.052840825595308956	13.693691428238175	-4.999999999680005	3.412611676741001	234.0
0.009408250344479006	0.030197683907792122	0.052840825595308956	13.693691428238175	-4.999999999680005	3.412611676741001	234.5
0.009408250344479006	0.030197683907792122	0.052840825595308956	13.693691428238175	-4.999999999680005	3.412611676741001	235.0
0.00977964032796988	0.030270910514339812	0.05295010139659908	13.769933018663039	-4.999999993695623	3.402892432791461	235.5
0.00977964032796988	0.030270910514339812	0.05295010139659908	13.769933018663039	-4.999999993695623	3.402892432791461	236.0
0.00977964032796988	0.030270910514339812	0.05295010139659908	13.769933018663039	-4.999999993695623	3.402892432791461	236.5
0.009721127894259213	0.03010288973220206	0.05331802286739642	13.862739941937198	-4.9999999999921325	3.3626576603391403	237.0
0.009721127894259213	0.03010288973220206	0.05331802286739642	13.862739941937198	-4.9999999999921325	3.3626576603391403	237.5
0.009721127894259213	0.03010288973220206	0.05331802286739642	13.862739941937198	-4.9999999999921325	3.3626576603391403	238.0
0.009721127894259213	0.03010288973220206	0.05331802286739642	13.862739941937198	-4.9999999999921325	3.3626576603391403	238.5
0.010023291555268536	0.030009548513930128	0.05388702535535959	13.974381813737443	-4.999870923556316	3.320966974856848	239.0
0.010138899574458408	0.03001129550668686	0.053991942966674665	14.008620979778804	-4.999999999784984	3.3092053283358815	239.5
0.010138899574458408	0.03001129550668686	0.053991942966674665	14.008620979778804	-4.999999999784984	3.3092053283358815	240.0
0.010247593668594202	0.029943971064195055	0.054444366879706774	14.059273605157394	-4.999999171997479	3.3074759542937624	240.5
0.01020631352738463	0.029897851523051765	0.054702717677756606	14.07654469905624	-4.999999999204045	3.3097744360085617	241.0
0.01020631352738463	0.029897851523051765	0.054702717677756606	14.07654469905624	-4.999999999204045	3.3097744360085617	241.5
0.01020631352738463	0.029897851523051765	0.054702717677756606	14.07654469905624	-4.999999999204045	3.3097744360085617	242.0
0.010837937016148467	0.02998790723860328	0.05534245998574767	14.130886113272643	-4.999999850045868	3.2759089887090003	242.5
0.010873515336730467	0.030096371452902157	0.05554302592598439	14.143419953462494	-4.999999999912935	3.2706307636995167	243.0
0.010873515336730467	0.030096371452902157	0.05554302592598439	14.143419953462494	-4.999999999912935	3.2706307636995167	243.5
0.01096038876949599	0.029982399974364773	0.05618110516125885	14.174484947903958	-4.999992760490858	3.263440763171193	244.0
0.01096038876949599	0.029982399974364773	0.05618110516125885	14.174484947903972	-4.999992760490858	3.263440763171193	244.5
0.010739069474798222	0.029793881058428406	0.056869877842793515	14.18472313583412	-4.999999999536252	3.233111236307778	245.0
0.010739069474798222	0.029793881058428406	0.056869877842793515	14.18472313583412	-4.999999999536252	3.233111236307778	245.5
0.010937375326668195	0.02975768668991701	0.05756796667949255	14.22374895066438	-4.99999999811801	3.205088530880305	246.0
0.010989517944516029	0.02982945267556974	0.057843918048771044	14.26260750127386	-4.99999872393171	3.20663606657026	246.5
0.011028147854188259	0.029741482236300677	0.05829909347816631	14.266118251354285	-4.999999998231432	3.205198857257388	247.0
0.011028147854188259	0.029741482236300677	0.05829909347816631	14.266118251354285	-4.999999998231432	3.205198857257388	247.5
0.011252673264774478	0.029675118234004785	0.05912271829380586	14.230543767811977	-4.999999305091449	3.180683828630709	248.0
0.011252673264774478	0.029675118234004785	0.05912271829380586	14.230543767811977	-4.999999305091449	3.180683828630709	248.5
0.011293638278243574	0.0297207373099493	0.05996060097334141	14.237726846799589	-4.999999998096775	3.170432962526574	249.0
0.011293638278243574	0.0297207373099493	0.05996060097334141	14.237726846799589	-4.999999998096775	3.170432962526574	249.5
0.011293638278243574	0.0297207373099493	0.05996060097334141	14.237726846799589	-4.999999998096775	3.170432962526574	250.0
0.011614179781226544	0.02974393139949596	0.06125594474036069	14.238933130110976	-4.99999999773906	3.1480338063625286	250.5
0.011614179781226544	0.02974393139949596	0.06125594474036069	14.238933130110976	-4.99999999773906	3.1480338063625286	251.0
0.011640074667249672	0.029654334145301532	0.06230353284254044	14.200914166500414	-4.999993321438694	3.1366905817815347	251.5
0.011731218854592282	0.029645408869666368	0.06280312875237938	14.193927803721257	-4.999999994172018	3.129072047567366	252.0
0.011731218854592282	0.029645408869666368	0.06280312875237938	14.19392780372127	-4.999999994172018	3.129072047567366	252.5
0.011896272608685397	0.029692649320239163	0.06386822482547025	14.143006766377372	-4.999998624795453	3.125195568666715	253.0
0.01193398696139026	0.02978569905839108	0.06438025248590502	14.098559272473556	-4.9999997665213325	3.1123249911402375	253.5
0.012020022377142843	0.029765475918534384	0.06498588350180458	14.023017606118772	-4.999999781557376	3.1253298459078813	254.0
0.01195079144175009	0.029952286525966747	0.06552695055646356	13.96240577501617	-4.99999999463241	3.1231276174989233	254.5
0.011950791441750092	0.029952286525966747	0.06552695055646356	13.96240577501617	-4.99999999463241	3.1231276174989233	255.0
0.012189857789753357	0.029966120557007786	0.06669245894042153	13.886856058854232	-4.999999940393824	3.1152604841264733	255.5
0.012235922774288583	0.029815588674888756	0.06739837876717865	13.852379646043985	-4.999999999913513	3.0911621248390855	256.0
0.012272366025768809	0.029789222149455275	0.0680489990927277	13.744264386943831	-4.999999999076244	3.0898696709230684	256.5
0.01268519035463815	0.029651959504571272	0.06849735665837986	13.57021636892668	-4.999994564549083	3.3092236683076752	257.0
0.01268519035463815	0.029651959504571272	0.06849735665837986	13.57021636892668	-4.999994564549083	3.3092236683076752	257.5
0.012264064638931056	0.030007717384062518	0.069976851902171	13.489405740337617	-4.9999999925851055	3.0946289266090137	258.0
0.012371056655169372	0.030154677349453856	0.07065180911736799	13.407395754666757	-4.99999999945809	3.106992313546254	258.5
0.012527661055019824	0.030225732026076715	0.0713279243852147	13.246948292639773	-4.999999996057292	3.1055949608842432	259.0
0.012377086939309181	0.030247777028674448	0.07206729471606785	13.140645329862286	-4.9999994123842	3.0999633694767716	259.5
0.012410270545220045	0.030210825420137692	0.07281630861567423	12.986540030086237	-4.999999996512065	3.0952507080836167	260.0
0.012576609987316786	0.030328203742613802	0.07353735694089045	12.842483450617852	-4.999999991835493	3.079569016047886	260.5
0.013016465066292171	0.030513288771027807	0.07421011790935124	12.70103769764556	-4.9999999459638245	3.0797117553822684	261.0
0.013016465066292171	0.030513288771027807	0.07421011790935124	12.70103769764556	-4.9999999459638245	3.0797117553822684	261.5
0.012849722496714783	0.030705865538583635	0.07562656036636135	12.338180745452696	-4.99999997801921	3.0534045390668947	262.0
0.01295778896215612	0.030826625639285014	0.0763302085291017	12.157653406417023	-4.999999994124964	3.04942657460043	262.5
0.013325732358796367	0.030951665817030204	0.07697509488240022	11.955140107193136	-4.999999450106057	3.019289310563602	263.0
0.013534282605066068	0.031147118438800882	0.07769938149015143	11.741983739845464	-4.999999964645888	3.0026384118779337	263.5
0.01423249098703121	0.03140036435017759	0.07835523412761222	11.547615583719562	-4.9999999996612665	2.9857303344741473	264.0
0.01452812652162009	0.03174424419351393	0.07902622069351599	11.340072882530771	-4.999999958486757	2.9724525591764337	264.5
0.014817039902542179	0.03198177170258807	0.07969065316480013	11.07656366879252	-4.999999997167204	2.9295597676314333	265.0
0.015350303138924931	0.03221902618078035	0.08028163061047507	10.850679075071323	-4.999999921628483	2.8964376950443365	265.5
0.015980302319745034	0.03233676858211281	0.08089191650438494	10.575456230941136	-4.999999999895263	2.8531935059457068	266.0
0.01682194914672538	0.0326912154855803	0.08145279214564105	10.289179683103487	-4.999999998459256	2.801438566746752	266.5
0.01682194914672538	0.0326912154855803	0.08145279214564105	10.289179683103487	-4.999999998459256	2.801438566746752	267.0
0.01868903837055205	0.033245876346455025	0.08238888408913733	9.780084081083832	-4.9999998765281095	2.7097059603684404	267.5
0.019490248453315463	0.033487598938849936	0.0828016790351025	9.539319866967714	-4.9999999638230115	2.6763121144881037	268.0
0.020470790757211393	0.03371921695259138	0.08322762657321799	9.278552650513408	-4.999999957265827	2.6435350798700528	268.5
0.021254395486080966	0.033926571766994505	0.0835977440738956	9.037245916168317	-4.999999918402931	2.6305333080517723	269.0
0.022150633133306435	0.03407508487455838	0.0839484975332073	8.796403906368473	-4.999999958005758	2.602705569507542	269.5
0.022444147010799626	0.03423776413731001	0.0843526456877663	8.583017607640585	-4.999999433934672	2.62843327895105	270.0
0.022815090165041883	0.0344084884252159	0.08469712694341269	8.405601205666063	-4.999999996514725	2.64392246168814	270.5
0.0229049879733986	0.03436909426466558	0.08505724991729073	8.21553321092751	-4.999999998316112	2.6502917235334467	271.0
0.023138499700546163	0.03441797565115774	0.08536392002258465	8.041795711004928	-4.999999994764853	2.665291631656009	271.5
0.0231371866925398	0.034416058653708566	0.08568138810910854	7.902114512588837	-4.999999997252442	2.691022227434389	272.0
0.0231371866925398	0.034416058653708566	0.08568138810910854	7.902114512588837	-4.999999997252442	2.691022227434389	272.5
0.023591623084743454	0.0344947803897332	0.08616121129103937	7.639434828366747	-4.999999999409384	2.677125993319578	273.0
0.023591623084743454	0.0344947803897332	0.08616121129103937	7.639434828366747	-4.999999999409384	2.677125993319578	273.5
0.023941510495333482	0.03473518398158836	0.08660496521281728	7.454690157677477	-4.999999939700704	2.6914854722697736	274.0
0.023941510495333482	0.03473518398158836	0.08660496521281728	7.454690157677477	-4.999999939700704	2.6914854722697736	274.5
0.023941510495333482	0.03473518398158836	0.08660496521281728	7.454690157677477	-4.999999939700704	2.6914854722697736	275.0
0.0243478976701956	0.03458690204238286	0.0869476595325459	7.246991310172601	-4.999999999953085	2.6533528810768727	275.5
0.0243478976701956	0.03458690204238286	0.0869476595325459	7.246991310172601	-4.999999999953085	2.6533528810768727	276.0
0.0243478976701956	0.03458690204238286	0.0869476595325459	7.246991310172601	-4.999999999953085	2.6533528810768727	276.5
0.0243478976701956	0.03458690204238286	0.0869476595325459	7.246991310172601	-4.999999999953085	2.6533528810768727	277.0
0.02475955563337991	0.03457944390673082	0.08716289526404564	7.183997973834134	-4.999999999474344	2.636997503525161	277.5
0.02475955563337991	0.03457944390673082	0.08716289526404564	7.183997973834134	-4.999999999474344	2.636997503525161	278.0
0.02475955563337991	0.03457944390673082	0.08716289526404564	7.183997973834134	-4.999999999474344	2.636997503525161	278.5
0.02475955563337991	0.03457944390673082	0.08716289526404564	7.183997973834134	-4.999999999474344	2.636997503525161	279.0
0.025819658803188306	0.03442181379504774	0.0870975405915162	7.248054856566811	-4.999999917365676	2.645868881344539	279.5
0.025819658803188306	0.03442181379504774	0.0870975405915162	7.248054856566811	-4.999999917365676	2.645868881344539	280.0
0.025819658803188306	0.03442181379504774	0.0870975405915162	7.248054856566811	-4.999999917365676	2.645868881344539	280.5
0.025819658803188306	0.03442181379504774	0.0870975405915162	7.248054856566811	-4.999999917365676	2.645868881344539	281.0
0.025819658803188306	0.03442181379504774	0.0870975405915162	7.248054856566811	-4.999999917365676	2.645868881344539	281.5
0.025819658803188306	0.03442181379504774	0.0870975405915162	7.248054856566811	-4.999999917365676	2.645868881344539	282.0
0.025819658803188306	0.03442181379504774	0.0870975405915162	7.248054856566811	-4.999999917365676	2.645868881344539	282.5
0.023957780971834014	0.033630148369960186	0.08579471267050505	7.908839421271884	-4.999999999842563	2.5894099146603287	283.0
0.023763157773638244	0.03348412036023676	0.08550598241096198	8.049555828059642	-4.99999813685622	2.5628173287528364	283.5
0.02355300863850253	0.03349383413889126	0.08524975996597314	8.22754567934137	-4.999999999770175	2.564455456726053	284.0
0.02355300863850253	0.03349383413889126	0.08524975996597314	8.22754567934137	-4.999999999770175	2.564455456726053	284.5
0.02355300863850253	0.03349383413889126	0.08524975996597314	8.22754567934137	-4.999999999770175	2.564455456726053	285.0
0.02279591825823587	0.03284585847785195	0.08418303924269836	8.779925670209142	-4.999999661900944	2.503894741982201	285.5
0.02279591825823587	0.03284585847785195	0.08418303924269836	8.779925670209142	-4.999999661900944	2.503894741982201	286.0
0.021690435132985856	0.032447073667715494	0.08339276224057894	9.245640680882946	-4.999999931886446	2.5082807093557857	286.5
0.021690435132985856	0.032447073667715494	0.08339276224057894	9.245640680882946	-4.999999931886446	2.5082807093557857	287.0
0.020176074279540657	0.03184956075366497	0.08254032893680442	9.73624547890525	-4.999999881684297	2.563945540340563	287.5
0.019676797863132277	0.03159875103792433	0.08203165147507259	9.970600967659532	-4.999999872585436	2.575845680422492	288.0
0.019676797863132277	0.03159875103792433	0.08203165147507259	9.970600967659532	-4.999999872585436	2.575845680422492	288.5
0.018296019770670923	0.030996075089101575	0.08099022433599419	10.483603316099254	-4.999999999292857	2.6273768404092737	289.0
0.01778055900534915	0.030681128019819266	0.08039596243984	10.732425526103498	-4.999999276344179	2.651774412449808	289.5
0.01778055900534915	0.030681128019819266	0.08039596243984	10.732425526103498	-4.999999276344179	2.651774412449808	290.0
0.016976280214144074	0.030283612856201254	0.07913091543925267	11.21511445863077	-4.99999954994006	2.7028789556480124	290.5
0.016976280214144074	0.030283612856201254	0.07913091543925267	11.21511445863077	-4.99999954994006	2.7028789556480124	291.0
0.016215644221384894	0.02972534643050825	0.07791232629418489	11.638735181857028	-4.999999951065229	2.7335937721444905	291.5
0.016216530653863904	0.029514282659663882	0.07726025147120215	11.838586049278943	-4.999999999644718	2.7413317099660155	292.0
0.016216530653863904	0.029514282659663882	0.07726025147120215	11.838586049278943	-4.999999999644718	2.7413317099660155	292.5
0.015754785513012154	0.029200012892644383	0.07592887541887061	12.20841415081953	-4.999999995765335	2.7613106131180443	293.0
0.015682917193797108	0.02904263699347871	0.07523434878976999	12.377152064660482	-4.999999990129929	2.760498387330883	293.5
0.01553610516220924	0.028920026465341947	0.07456838872174622	12.524194436052577	-4.999999972787988	2.7637307699814304	294.0
0.015653720359576715	0.028962965623405	0.07387766215371969	12.667551104028295	-4.999999963868641	2.7974909320425603	294.5
0.016228568964366138	0.02879815819104228	0.07324392425991681	12.790796891648421	-4.9999999229183665	2.8172305440513075	295.0
0.015207876105363808	0.02878747912910768	0.0725248797485593	12.962285947096367	-4.99999996154748	2.7985515947036967	295.5
0.015206770298212276	0.028730359263614	0.07184765217395943	13.072786503669779	-4.999999994405534	2.800590051516804	296.0
0.015465688509466093	0.02856591335724678	0.07120855090571325	13.184402201406813	-4.999999998224155	2.813162096777683	296.5
0.015324834937878763	0.0284561423982351	0.07056227703896933	13.283134506519453	-4.999998739890865	2.7951564994159135	297.0
0.015243731473708031	0.028493714081959897	0.06992936498882597	13.350827754247524	-4.999999972477648	2.8192351411539534	297.5
0.015243731473708031	0.028493714081959897	0.06992936498882597	13.350827754247536	-4.999999972477648	2.8192351411539534	298.0
0.014989521887434833	0.02826180948006019	0.06880570496610354	13.488699004320715	-4.999999816219346	2.8222766364498515	298.5
0.015227113808045607	0.02825011205990176	0.06817300404863692	13.559654939529635	-4.999999999888865	2.8097232145250848	299.0
0.015150625861087853	0.028278286518576983	0.06758502767745204	13.632429235799918	-4.999999997453112	2.8239010393648014	299.5
0.015109973886652351	0.02840735137787682	0.06695768451359094	13.680223516865649	-4.999999999955572	2.844335300888236	300.0
0.014993648950748603	0.028405685595936443	0.06640508958203743	13.729503917448486	-4.999999930463303	2.8563246124645074	300.5
0.014993648950748603	0.028405685595936443	0.06640508958203736	13.729503917448486	-4.999999930463303	2.8563246124645074	301.0
0.014959186749791348	0.02839265562342017	0.06527502619331675	13.868235968248918	-4.9999999945378555	2.8459995510219667	301.5
0.014843501013394322	0.028225995155930446	0.0648770236235153	13.930149578866114	-4.999999880665703	2.853570537516382	302.0
0.014941914763439396	0.028396337216127967	0.06422005385642217	13.984779463425744	-4.999999703104903	2.8498890100187673	302.5
0.014846062623454465	0.028360160303916443	0.06331102664042643	14.00735688316771	-4.999999996618236	2.868563280772724	303.5
0.014846062623454465	0.028360160303916443	0.0633110266404265	14.00735688316771	-4.999999996618236	2.868563280772724	304.0
0.014936639418037884	0.028521803175200013	0.06235695246391704	13.961464694345056	-4.999999999370478	2.903176562765494	304.5
0.01460832357373741	0.02845105364418752	0.061966174845395704	14.007939038753408	-4.999999999232455	2.9070727078940006	305.0
0.01460832357373741	0.02845105364418752	0.061966174845395704	14.007939038753408	-4.999999999232455	2.9070727078940006	305.5
0.0145482963309337	0.028404044678464028	0.06120865101515402	14.04923051491884	-4.999999915297476	2.9188054909306125	306.0
0.014492482682341002	0.028382751199057737	0.06083226618739883	14.061796341793405	-4.99999994072488	2.923852771143567	306.5
0.014492482682341002	0.028382751199057737	0.0608322661873989	14.061796341793405	-4.99999994072488	2.923852771143567	307.0
0.014329635665228208	0.028635187945077693	0.05994099023276131	14.041526195437283	-4.99999999991835	2.96695582302104	307.5
0.014329635665228208	0.028635187945077693	0.05994099023276131	14.041526195437283	-4.99999999991835	2.96695582302104	308.0
0.014316847336622252	0.02870290949715124	0.05920895148323852	14.02215132476735	-4.999999999303494	2.9885967164631912	308.5
0.014131670518301172	0.028781264260110767	0.058828472284950646	14.028158559006343	-4.999988851566819	2.9835604411334513	309.0
0.014103771394285414	0.02878681702348212	0.05857373597581732	13.947649498613185	-4.99999999978384	3.0027651612744517	309.5
0.014103771394285414	0.02878681702348212	0.05857373597581732	13.947649498613185	-4.99999999978384	3.0027651612744517	310.0
0.013966543505428794	0.028748461705718816	0.05805717231906573	13.911863032779177	-4.999999827902333	3.030967584909046	310.5
0.013966543505428794	0.028748461705718816	0.05805717231906573	13.911863032779177	-4.999999827902333	3.030967584909046	311.0
0.013804148037856746	0.028716135880950722	0.05761188242036583	13.886027404290198	-4.999999942141651	3.0509119461522936	311.5
0.013856275998834561	0.028949577927269834	0.057168241954271434	13.835182194734408	-4.999999635029738	3.0602460330150247	312.0
0.013825524215560348	0.02899378797108307	0.056919625611373356	13.757003767114021	-4.999999999997394	3.0760547376253715	312.5
0.013825524215560348	0.02899378797108307	0.056919625611373356	13.757003767114021	-4.999999999997394	3.0760547376253715	313.0
0.013825524215560348	0.02899378797108307	0.056919625611373356	13.757003767114021	-4.999999999997394	3.0760547376253715	313.5
0.01366057091586146	0.02897253075482591	0.05635941317612842	13.636476923191065	-4.999999861942055	3.106603610555659	314.0
0.013534218891861328	0.02893871569399343	0.05626161155305054	13.636841610601277	-4.999999797712743	3.130073451095347	314.5
0.013595168491501754	0.02895537313268821	0.056096747295536306	13.593835332428759	-4.9999999999954765	3.121972600479854	315.0
0.013595168491501754	0.02895537313268821	0.056096747295536306	13.593835332428759	-4.9999999999954765	3.121972600479854	315.5
0.013595168491501754	0.02895537313268821	0.056096747295536306	13.593835332428759	-4.9999999999954765	3.121972600479854	316.0
0.013337191128340992	0.029057888362779675	0.0556293332043146	13.471583552881155	-4.99999998095452	3.141801323376626	316.5
0.013337191128340992	0.029057888362779675	0.0556293332043146	13.471583552881155	-4.99999998095452	3.141801323376626	317.0
0.013355588272868658	0.02934446059330289	0.055208468196948045	13.425433856584972	-4.9999999789959135	3.1731274426165257	317.5
0.013223685172828868	0.029258048313163122	0.05523057486892897	13.324647648955697	-4.999999836129276	3.1810116137220668	318.0
0.01349160331864775	0.02921296141264262	0.05521566702300744	13.195899335008829	-4.999998772880973	3.192825087305769	318.5
0.01322531638491355	0.029467965405825327	0.05494870696953458	13.111669966556295	-4.999999991569826	3.211120303540694	319.0
0.013207936104153953	0.029347510281712102	0.0549683848734571	13.072194243727642	-4.9999999238876445	3.210987326301918	319.5
0.013086864558744233	0.02933680575894577	0.0549968438291833	13.010691366289105	-4.999999993887771	3.2212480809679285	320.0
0.013086864558744233	0.02933680575894577	0.0549968438291833	13.010691366289105	-4.999999993887771	3.2212480809679285	320.5
0.013086864558744233	0.02933680575894577	0.0549968438291833	13.010691366289105	-4.999999993887771	3.2212480809679285	321.0
0.013086864558744233	0.02933680575894577	0.0549968438291833	13.010691366289105	-4.999999993887771	3.2212480809679285	321.5
0.013102035828509532	0.029377739631399686	0.05490937332891692	12.847519258972254	-4.999999784579263	3.2299400765596307	322.0
0.013102035828509532	0.029377739631399686	0.05490937332891692	12.847519258972254	-4.999999784579263	3.2299400765596307	322.5
0.013082238309464518	0.0294046655927219	0.05495683358285925	12.801107608838638	-4.999999979791563	3.242112376498442	323.0
0.013094738665472378	0.02941106231327516	0.055002067077586904	12.784632654840992	-4.9999993019828075	3.245330367186403	323.5
0.013600319474713282	0.029659280608221542	0.05486186087997653	12.738951360475705	-4.999999999567632	3.2733419093265645	324.0
0.01368065254937538	0.029651017033199455	0.054908869460475414	12.706192863856176	-4.999999996974877	3.260653721279878	324.5
0.01368065254937538	0.029651017033199455	0.054908869460475414	12.706192863856176	-4.999999996974877	3.260653721279878	325.0
0.01368065254937538	0.029651017033199455	0.054908869460475414	12.706192863856176	-4.999999996974877	3.260653721279878	325.5
0.01368065254937538	0.029651017033199455	0.054908869460475414	12.706192863856176	-4.999999996974877	3.260653721279878	326.0
0.01348067406050963	0.029587674907522756	0.05530776158389163	12.568562124113672	-4.999999999826224	3.275382118969681	326.5
0.014053831587988803	0.029620180147914666	0.05554839716192628	12.466389031389774	-4.999999999831948	3.2724275086525605	327.5
0.014053831587988803	0.029620180147914666	0.05554839716192628	12.466389031389788	-4.999999999831948	3.2724275086525605	328.0
0.014053831587988803	0.029620180147914666	0.05554839716192628	12.466389031389788	-4.999999999831948	3.2724275086525605	328.5
0.013334693059811617	0.029331978037859755	0.05614527950496668	12.342055135623175	-4.999999998367677	3.255761895760198	329.0
0.013334693059811617	0.029331978037859755	0.05614527950496668	12.342055135623175	-4.999999998367677	3.255761895760198	329.5
0.01331284887355656	0.029299328274004558	0.056537341459789454	12.26607045292422	-4.9999999962577775	3.24581239915487	330.0
0.013333964361194994	0.02925032481470347	0.0567349888784445	12.227798467323877	-4.9999999992370885	3.250630188658814	330.5
0.013350203323770227	0.029469419094353473	0.05678566250715691	12.191636845952665	-4.999999999353256	3.2621062716998424	331.0
0.013864792667658095	0.029275638015846442	0.05718690922118194	12.14216314255912	-4.99999683508691	3.2612267951921154	331.5
0.013864792667658095	0.029275638015846442	0.05718690922118194	12.14216314255912	-4.99999683508691	3.2612267951921154	332.0
0.013503887159751439	0.02920592888584927	0.0576793923585261	12.087787737219614	-4.999999716986299	3.22982973686757	332.5
0.013524059362849379	0.029354739775346878	0.05779678635185976	12.053220619855235	-4.999999999806074	3.253019767433493	333.0
0.013582704480953736	0.0291266209821249	0.05820789809248301	12.023401970295371	-4.999984575115616	3.229143795582207	333.5
0.013979081178451253	0.029224851382508705	0.05840899368106345	11.98765301239032	-4.999999997909474	3.244771590188133	334.0
0.013857830717321218	0.029217658367080557	0.058680444926236114	11.968874635415322	-4.9999996981439425	3.234817128436493	334.5
0.013802188291689388	0.029219400676408908	0.05895865935982509	11.936665310031069	-4.99999997991516	3.2271249871694607	335.0
0.013884158662560897	0.029081154904819235	0.059373477040194154	11.890201874086282	-4.999999999950852	3.22353985932825	335.5
0.014174714970904735	0.029137670134275366	0.05966425198923126	11.840581573227334	-4.999999968042786	3.2333840612534193	336.0
0.014131614577843505	0.029126440955514536	0.060043306385490644	11.800793298891227	-4.999999999967043	3.241654896360389	336.5
0.014131614577843505	0.029126440955514536	0.060043306385490644	11.800793298891227	-4.999999999967043	3.241654896360389	337.0
0.014155506875043326	0.02893934090340707	0.060871857322646036	11.733499043579467	-4.999999264182253	3.235274848158511	337.5
0.014350745827637002	0.029007904811862256	0.061212248592555	11.697143771291913	-4.999999999882554	3.233218813252522	338.0
0.014161982844082084	0.028844326576481796	0.06172386373267593	11.651921091335021	-4.999999989089135	3.2288147864563204	338.5
0.014406338789564375	0.0287804950742695	0.06215985418005743	11.628111227144608	-4.999999999895198	3.2294857662734593	339.0
0.014426277252683554	0.028825398963575746	0.06255361242871586	11.606239673878672	-4.999999975623375	3.2330670763153453	339.5
0.014426277252683554	0.028825398963575746	0.06255361242871586	11.606239673878672	-4.999999975623375	3.2330670763153453	340.0
0.014851564109098603	0.02887581785620477	0.06338232106257662	11.583439903944996	-4.999999999995408	3.2137828221120586	340.5
0.014851564109098603	0.02887581785620477	0.06338232106257662	11.583439903944996	-4.999999999995408	3.2137828221120586	341.0
0.014759445292036981	0.028787891885574502	0.06435878664208476	11.492564608110818	-4.999999892274836	3.1992134253003055	341.5
0.014967525063870779	0.028651137740284372	0.06492503624072443	11.459492299272938	-4.999999995333874	3.1944936418521976	342.0
0.014967525063870779	0.028651137740284372	0.06492503624072443	11.459492299272938	-4.999999995333874	3.1944936418521976	342.5
0.014968166979484705	0.028726587980760422	0.06592482409343985	11.377796356608643	-4.999999968870597	3.204576290176	343.0
0.015010751870437109	0.028523197710337636	0.06657422803840445	11.34949293089987	-4.999999996759065	3.1965336704241682	343.5
0.015010751870437109	0.028523197710337636	0.06657422803840445	11.34949293089987	-4.999999996759065	3.1965336704241682	344.0
0.01527588837249424	0.028532337349949453	0.06767451907678265	11.2613851009155	-4.999999998854044	3.1897325593769352	344.5
0.015296605533619008	0.02846386455206621	0.06827512216797312	11.226117222820754	-4.999999999739437	3.1886753011310383	345.0
0.015700501556512248	0.028694133259008704	0.06874221145863124	11.274966908789343	-4.99999999803582	3.211190746309759	345.5
0.015770750106108757	0.02855031767493056	0.06941169653466517	11.309177764829483	-4.999999919879342	3.1987848588813943	346.0
0.015770750106108757	0.02855031767493056	0.0694116965346651	11.309177764829483	-4.999999919879342	3.1987848588813943	346.5
0.016056226837760923	0.02870948013847722	0.07054889266438336	11.257511276973379	-4.999999999882702	3.2074175712507156	347.0
0.015957113934855997	0.02856851649845524	0.07127192748588564	11.1695486274583	-4.999966500916016	3.2074386994121724	347.5
0.01609568338371192	0.028622726786794127	0.071913522597792	11.132644783661435	-4.999999999760122	3.2123039121107215	348.0
0.0161731439251521	0.028604008294263017	0.07258651599555678	11.043607881474543	-4.999999999172433	3.212569526788611	348.5
0.016439245562335333	0.028705867834098425	0.0732332847175197	10.957131358874594	-4.999999880095626	3.2151537746237597	349.0
0.016482836374515326	0.028784383628071328	0.07389173047165516	10.881775109862685	-4.999999998011993	3.2283900517399804	349.5
0.016643227531948458	0.028744605519600456	0.07457789825186571	10.751543949143349	-4.999999997694555	3.2198673571258496	350.0
0.016819818045783877	0.02877982451209689	0.07529642500612244	10.599289506339158	-4.999997360124099	3.207628700114155	350.5
0.017060353005068037	0.029028218775303073	0.07592318789617433	10.490184348978143	-4.9999999999706555	3.2190734178978158	351.0
0.017038318355272104	0.02895179400058613	0.07664381496993337	10.362078030798727	-4.9999879003195336	3.2275183363340805	351.5
0.016995460135987163	0.029084134434280227	0.0773487787429424	10.250504363964977	-4.999999991874815	3.2463713658862865	352.0
0.01714578151221641	0.0292486482877237	0.07804300270773198	10.134899146102503	-4.999999966430057	3.2626642666349266	352.5
0.01728416146349079	0.029247630841935674	0.0787560051986107	9.933553776578565	-4.999999986035642	3.2610570288066008	353.0
0.017677791791407865	0.02949656135473947	0.079453531776533	9.736772592283593	-4.999999981309011	3.2604546606460207	353.5
0.017682900200655806	0.029685858787062654	0.08015958387960988	9.568357142358494	-4.999999987986374	3.282871603833488	354.0
0.01791091096856648	0.029713679389879972	0.08083560156850966	9.361037101793325	-4.999999999577805	3.2593771032104577	354.5
0.018120957065149466	0.029996171073232387	0.08149893481253619	9.202176954139551	-4.9999999998877485	3.2794371355259013	355.0
0.0185378584412849	0.030053370473408003	0.08213514170828629	8.984005093754082	-4.999999761634706	3.2504756384548195	355.5
0.018763799570696182	0.030243948639175487	0.08280222755389295	8.764464644397119	-4.999999996245909	3.247343735304092	356.0
0.019046243916117103	0.030427126150797772	0.08342451304441711	8.569864963858539	-4.99999994820932	3.25357545871576	356.5
0.019486230460735818	0.030726528773430618	0.08398872547350852	8.388633785232322	-4.999999998681587	3.253287923230829	357.0
0.019600545674040806	0.03080659637870052	0.08455241802857878	8.213546286347016	-4.999999994619938	3.261510676802379	357.5
0.01987171381140378	0.031223279231038622	0.08519095148251558	8.034373310636262	-4.9999999902796635	3.280037503207364	358.0
0.020152903927923696	0.03128160829557891	0.08564448164409226	7.855322349875807	-4.999999866629301	3.2726422522949346	358.5
0.020273178951583645	0.03155536146586106	0.08614988068558335	7.693792024290386	-4.9999999998027365	3.287424941477399	359.0
0.020381438634823976	0.031794175979199764	0.08663548437255901	7.506343354589466	-4.999996229440265	3.300399609021225	359.5
